   10 REM > LETTERS
   20 
   30 MODE99:OFF
   40 DIM P%(1000),X%(1000),Y%(1000):LP%=0
   50 A$="JAN VIBE"
   60 Z=1280/(6*LEN(A$)-1)
   70 C%=0:X%=0:Y%=512-Z*3
   80 REPEAT
   90 C%+=1:T$=MID$(A$,C%,1):RESTORE
  100 REPEAT:READL$:UNTIL L$=T$ OR L$="*"
  110 IF L$=T$ THEN
  120 READ K%
  130 FORN%=1TOK%:LP%=LP%+1
  140 READP%(LP%),X%(LP%),Y%(LP%)
  150 X%(LP%)=X%+Z*X%(LP%):Y%(LP%)=Y%+Z*Y%(LP%)
  160 NEXT
  170 ENDIF
  180 X%+=Z*6
  190 UNTIL C%=LEN(A$)
  200 FOR N%=1 TO LP%
  210 IF P%(N%)=0 MOVE X%(N%),Y%(N%) ELSE DRAW X%(N%),Y%(N%)
  220 NEXT
  230 END
  240 
  250 DATA A,5
  260 DATA 0,0,0, 1,2,6, 1,4,0, 0,1,3, 1,3,3
  270 DATA B,12
  280 DATA 0,0,0, 1,0,6, 1,3,6, 1,4,5, 1,4,4, 1,3,3, 1,4,2, 1,4,1, 1,3,0
  290 DATA 1,0,0, 0,0,3, 1,3,3
  300 DATA C,8
  310 DATA 0,4,1, 1,3,0, 1,1,0, 1,0,1, 1,0,5, 1,1,6, 1,3,6, 1,4,5
  320 DATA D,7
  330 DATA 0,0,0, 1,0,6, 1,3,6, 1,4,5, 1,4,1, 1,3,0, 1,0,0
  340 DATA E, 6
  350 DATA 0,4,0, 1,0,0, 1,0,6, 1,4,6, 0,0,3, 1,2,3
  360 DATA F,5
  370 DATA 0,0,0, 1,0,6, 1,4,6, 0,0,3, 1,2,3
  380 DATA G,10
  390 DATA 0,2,3, 1,4,3, 1,4,1, 1,3,0, 1,1,0, 1,0,1, 1,0,5, 1,1,6, 1,3,6
  400 DATA 1,4,5
  410 DATA H,6
  420 DATA 0,0,0, 1,0,6, 0,0,3, 1,4,3, 0,4,0, 1,4,6
  430 DATA I,6
  440 DATA 0,1,0, 1,3,0, 0,2,0, 1,2,6, 0,1,6, 1,3,6
  450 DATA J,8
  460 DATA 0,1,6, 1,4,6, 0,3,6, 1,3,1, 1,2,0, 1,1,0, 1,0,1, 1,0,2
  470 DATA K,5
  480 DATA 0,0,0, 1,0,6, 0,4,0, 1,0,3, 1,4,6
  490 DATA L,3
  500 DATA 0,4,0, 1,0,0, 1,0,6
  510 DATA M,5
  520 DATA 0,0,0, 1,0,6, 1,2,3, 1,4,6, 1,4,0
  530 DATA N,4
  540 DATA 0,0,0, 1,0,6, 1,4,0, 1,4,6
  550 DATA O,9
  560 DATA 0,0,1, 1,0,5, 1,1,6, 1,3,6, 1,4,5, 1,4,1, 1,3,0, 1,1,0, 1,0,1
  570 DATA P,7
  580 DATA 0,0,0, 1,0,6, 1,3,6, 1,4,5, 1,4,4, 1,3,3, 1,0,3
  590 DATA Q,11
  600 DATA 0,0,1, 1,0,5, 1,1,6, 1,3,6, 1,4,5, 1,4,1, 1,3,0, 1,1,0, 1,0,1
  610 DATA 0,3,1, 1,4,0
  620 DATA R,9
  630 DATA 0,0,0, 1,0,6, 1,3,6, 1,4,5, 1,4,4, 1,3,3, 1,0,3, 0,2,3, 1,4,0
  640 DATA S,12
  650 DATA 0,0,1, 1,1,0, 1,3,0, 1,4,1, 1,4,2, 1,3,3, 1,1,3, 1,0,4, 1,0,5
  660 DATA 1,1,6, 1,3,6, 1,4,5
  670 DATA T,4
  680 DATA 0,2,0, 1,2,6, 0,0,6, 1,4,6
  690 DATA U,6
  700 DATA 0,0,6, 1,0,1, 1,1,0, 1,3,0, 1,4,1, 1,4,6
  710 DATA V,3
  720 DATA 0,0,6, 1,2,0, 1,4,6
  730 DATA W,5
  740 DATA 0,0,6, 1,0,0, 1,2,3, 1,4,0, 1,4,6
  750 DATA X,4
  760 DATA 0,0,0, 1,4,6, 0,0,6, 1,4,0
  770 DATA Y,5
  780 DATA 0,0,6, 1,2,3, 1,4,6, 0,2,0, 1,2,3
  790 DATA Z,4
  800 DATA 0,4,0, 1,0,0, 1,4,6, 1,0,6
  810 DATA {,9
  820 DATA 0,0,0, 1,0,3, 1,2,6, 1,2,0, 1,4,0, 0,0,3, 1,3,3, 0,2,6, 1,4,6
  830 DATA |,11
  840 DATA 0,0,1, 1,0,5, 1,1,6, 1,3,6, 1,4,5, 1,4,1, 1,3,0, 1,1,0, 1,0,1
  850 DATA 0,0,0, 1,4,6
  860 DATA },13
  870 DATA 0,0,0, 1,0,3, 1,1,4, 1,3,4, 1,4,3, 1,4,0, 0,0,2, 1,4,2, 0,2,4
  880 DATA 1,1,5, 1,2,6, 1,3,5, 1,2,4
  890 DATA ",",2
  900 DATA 0,1,0, 1,2,1
  910 DATA .,2
  920 DATA 0,2,0, 1,2,0
  930 DATA (,4
  940 DATA 0,2,0, 1,1,2, 1,1,4, 1,2,6
  950 DATA ),4
  960 DATA 0,2,0, 1,3,2, 1,3,4, 1,2,6
  970 DATA -,2
  980 DATA 0,1,3, 1,3,3
  990 DATA ?,10
 1000 DATA 0,0,4, 1,0,5, 1,1,6, 1,3,6, 1,4,5, 1,4,4, 1,2,2, 1,2,2
 1010 DATA 0,2,0, 1,2,0
 1020 DATA ',2
 1030 DATA 0,2,6, 1,2,5
 1040 DATA :,4
 1050 DATA 0,2,1, 1,2,1, 0,2,5, 1,2,5
 1060 DATA !,4
 1070 DATA 0,2,6, 1,2,2, 0,2,0, 1,2,0
 1080 DATA '0',9
 1090 DATA 0,0,1, 1,0,5, 1,1,6, 1,3,6, 1,4,5, 1,4,1, 1,3,0, 1,1,0, 1,0,1
 1100 DATA '1',5
 1110 DATA 0,1,5, 1,2,6, 1,2,0, 0,1,0, 1,3,0
 1120 DATA '2',7
 1130 DATA 0,0,5, 1,1,6, 1,3,6, 1,4,5, 1,4,4, 1,0,0, 1,4,0
 1140 DATA '3',13
 1150 DATA 0,0,1, 1,1,0, 1,3,0, 1,4,1, 1,4,2, 1,3,3, 1,2,3, 0,3,3, 1,4,4
 1160 DATA 1,4,5, 1,3,6, 1,1,6, 1,0,5
 1170 DATA '4',4
 1180 DATA 0,3,0, 1,3,6, 1,0,3, 1,4,3
 1190 DATA '5',10
 1200 DATA 0,0,1, 1,1,0, 1,3,0, 1,4,1, 1,4,3, 1,3,4, 1,1,4, 1,0,3, 1,0,6
 1210 DATA 1,4,6
 1220 DATA '6',12
 1230 DATA 0,0,3, 1,1,4, 1,3,4, 1,4,3, 1,4,1, 1,3,0, 1,1,0, 1,0,1, 1,0,5
 1240 DATA 1,1,6, 1,3,6, 1,4,5
 1250 DATA '7',3
 1260 DATA 0,0,6, 1,4,6, 1,0,0
 1270 DATA '8',16
 1280 DATA 0,1,3, 1,0,4, 1,0,5, 1,1,6, 1,3,6, 1,4,5, 1,4,4, 1,3,3, 1,1,3
 1290 DATA 1,0,2, 1,0,1, 1,1,0, 1,3,0, 1,4,1, 1,4,2, 1,3,3
 1300 DATA '9',12
 1310 DATA 0,4,3, 1,3,2, 1,1,2, 1,0,3, 1,0,5, 1,1,6, 1,3,6, 1,4,5, 1,4,1
 1320 DATA 1,3,0, 1,1,0, 1,0,1
 1330 DATA *
