   10 REM > FACE
   20 
   30 MODE9
   40 COLOUR0,160,160,160:COLOUR7,0,0,0
   50 VDU19,0,24,160,160,160
   60 REPEAT:READ P%,X%,Y%
   70 IF P%<>0 PLOT P%,4*X%,4*(270-Y%)
   80 UNTILP%=0
   90 END
  100 
  110 REM venstre RETURNje
  120 DATA 4,134,145,157,135,145
  130 DATA 4,134,141,5,128,144,5,133,149,5,140,144,5,135,141
  140 DATA 4,119,147,5,133,140,5,147,146
  150 DATA 4,121,147,5,133,150,5,147,146
  160 DATA 4,118,143,5,132,137,5,148,142
  170 DATA 4,127,154,5,135,153,5,144,150
  180 
  190 REM venstre RETURNjenbryn
  200 DATA 4,112,137,5,113,132,5,125,127,5,139,128,5,150,131,5,152,136
  210 DATA 4,112,138,5,124,132,5,138,134,5,152,136
  220 
  230 REM hRETURNjre RETURNje
  240 DATA 4,190,145,157,191,145
  250 DATA 4,190,141,5,184,144,5,189,149,5,196,144,5,190,141
  260 DATA 4,177,147,5,190,141,5,203,147
  270 DATA 4,177,147,5,191,150,5,201,148
  280 DATA 4,176,142,5,191,137,5,204,143
  290 DATA 4,178,151,5,187,154,5,196,154
  300 
  310 REM hRETURNjre RETURNjenbryn
  320 DATA 4,171,136,5,173,132,5,186,129,5,199,128,5,208,132,5,211,137
  330 DATA 4,171,136,5,187,134,5,200,132,5,210,137
  340 
  350 REM nGCOLsen
  360 DATA 4,156,140,5,156,153,5,156,165,5,154,172,5,156,179,5,161,182
  370 DATA 4,166,140,5,166,153,5,166,166,5,168,172,5,167,179,5,161,182
  380 DATA 4,150,169,5,147,173,5,146,178,5,148,182,5,153,179,5,161,182
  390 DATA 4,173,169,5,176,172,5,177,178,5,174,182,5,170,179,5,163,182
  400 
  410 REM overlGCOLbelinier
  420 DATA 4,159,186,5,159,193
  430 DATA 4,165,186,5,165,193
  440 
  450 REM overlGCOLbe
  460 DATA 4,137,203,5,149,199,5,156,196,5,162,199,5,168,197,5,177,199,5,187,202
  470 DATA 4,138,203,5,148,203,5,156,202,5,163,203,5,170,202,5,178,203,5,186,202
  480 
  490 REM underlGCOLbe
  500 DATA 4,138,203,5,149,203,5,156,202,5,163,203,5,170,202,5,177,202,5,186,203
  510 DATA 4,141,204,5,146,207,5,155,210,5,163,211,5,171,210,5,179,207,5,185,203
  520 
  530 REM venstre RETURNre
  540 DATA 4,099,150,5,092,144,5,088,149,5,090,160,5,094,174,5,099,187,5,105,184
  550 
  560 REM hRETURNjre RETURNre
  570 DATA 4,224,149,5,231,144,5,234,151,5,232,160,5,230,173,5,224,185,5,219,184
  580 
  590 REM hoved
  600 DATA 4,103,141,5,101,160,5,104,181
  610 DATA 4,219,140,5,222,159,5,218,179
  620 DATA 4,105,178,5,109,184,5,112,190
  630 DATA 4,218,178,5,214,183,5,211,189
  640 DATA 4,104,181,5,108,199,5,115,214,5,129,228,5,147,240,5,162,243,5,180,239,5,196,228,5,207,215,5,215,199,5,219,178
  650 DATA 4,101,144,5,107,129,5,114,114,5,120,104,5,131,095,5,146,092,5,160,093,5,174,095,5,188,096,5,201,103,5,210,114,5,217,126,5,222,143
  660 
  670 REM hGOTOr
  680 DATA 4,093,204,5,078,173,5,076,142,5,082,101,5,099,070,5,129,046,5,158,044,5,188,045,5,217,064,5,236,094,5,246,134,5,250,168,5,233,200
  690 
  700 REM venstre kindben
  710 DATA 4,145,175,5,139,182,5,135,190
  720 
  730 REM hRETURNjre kindben
  740 DATA 4,178,176,5,185,183,5,190,191
  750 
  760 REM hageklRETURNft
  770 DATA 4,162,232,5,162,238
  780 
  790 REM hagelinie
  800 DATA 4,153,218,5,162,216,5,173,219
  810 
  820 DATA 0,0,0
