   10 REM > FACE
   20 
   30 MODE137:MODE9:OFF
   40 SYS"OS_UpdateMEMC",64,64
   50 S1%=1:S2%=2
   60 
   70 COLOUR0,160,160,160:COLOUR7,0,0,0
   80 VDU19,0,24,160,160,160
   90 
  100 ONERRORGOTO210
  110 REPEAT
  120 SYS"OS_Byte",112,S1%:SYS"OS_Byte",113,S2%:WAIT:CLS:SWAP S1%,S2%
  130 
  140 RESTORE
  150 REPEAT:READ P%,X%,Y%
  160 IF P%<>0 PLOT P%,X%,Y%
  170 UNTILP%=0
  180 
  190 UNTIL0
  200 
  210 SYS"OS_Byte",112,S1%:REPORT:PRINT" at line "STR$ERL:ON
  220 REM > FACE
  230 
  240 REM venstre RETURNje
  250 DATA 69,536,500
  260 DATA 4,536,516,5,512,504,5,532,484,5,560,504,5,540,516
  270 DATA 4,476,492,5,532,520,5,588,496
  280 DATA 4,484,492,5,532,480,5,588,496
  290 DATA 4,472,508,5,528,532,5,592,512
  300 DATA 4,508,464,5,540,468,5,576,480
  310 
  320 REM venstre RETURNjenbryn
  330 DATA 4,448,532,5,452,552,5,500,572,5,556,568,5,600,556,5,608,536
  340 DATA 4,448,528,5,496,552,5,552,544,5,608,536
  350 
  360 REM hRETURNjre RETURNje
  370 DATA 69,760,500
  380 DATA 4,760,516,5,736,504,5,756,484,5,784,504,5,760,516
  390 DATA 4,708,492,5,760,516,5,812,492
  400 DATA 4,708,492,5,764,480,5,804,488
  410 DATA 4,704,512,5,764,532,5,816,508
  420 DATA 4,712,476,5,748,464,5,784,464
  430 
  440 REM hRETURNjre RETURNjenbryn
  450 DATA 4,684,536,5,692,552,5,744,564,5,796,568,5,832,552,5,844,532
  460 DATA 4,684,536,5,748,544,5,800,552,5,840,532
  470 
  480 REM nGCOLsen
  490 DATA 4,624,520,5,624,468,5,624,420,5,616,392,5,624,364,5,644,352
  500 DATA 4,664,520,5,664,468,5,664,416,5,672,392,5,668,364,5,644,352
  510 DATA 4,600,404,5,588,388,5,584,368,5,592,352,5,612,364,5,644,352
  520 DATA 4,692,404,5,704,392,5,708,368,5,696,352,5,680,364,5,652,352
  530 
  540 REM overlGCOLbelinier
  550 DATA 4,636,336,5,636,308
  560 DATA 4,660,336,5,660,308
  570 
  580 REM overlGCOLbe
  590 DATA 4,548,268,5,596,284,5,624,296,5,648,284,5,672,292,5,708,284,5,748,272
  600 DATA 4,552,268,5,592,268,5,624,272,5,652,268,5,680,272,5,712,268,5,744,272
  610 
  620 REM underlGCOLbe
  630 DATA 4,552,268,5,596,268,5,624,272,5,652,268,5,680,272,5,708,272,5,744,268
  640 DATA 4,564,264,5,584,252,5,620,240,5,652,236,5,684,240,5,716,252,5,740,268
  650 
  660 REM venstre RETURNre
  670 DATA 4,396,480,5,368,504,5,352,484,5,360,440,5,376,384,5,396,332,5,420,344
  680 
  690 REM hRETURNjre RETURNre
  700 DATA 4,896,484,5,924,504,5,936,476,5,928,440,5,920,388,5,896,340,5,876,344
  710 
  720 REM hoved
  730 DATA 4,412,516,5,404,440,5,416,356
  740 DATA 4,876,520,5,888,444,5,872,364
  750 DATA 4,420,368,5,436,344,5,448,320
  760 DATA 4,872,368,5,856,348,5,844,324
  770 DATA 4,416,356,5,432,284,5,460,224,5,516,168,5,588,120,5,648,108,5,720,124,5,784,168,5,828,220,5,860,284,5,876,368
  780 DATA 4,404,504,5,428,564,5,456,624,5,480,664,5,524,700,5,584,712,5,640,708,5,696,700,5,752,696,5,804,668,5,840,624,5,868,576,5,888,508
  790 
  800 REM hGOTOr
  810 DATA 4,372,264,5,312,388,5,304,512,5,328,676,5,396,800,5,516,896,5,632,904,5,752,900,5,868,824,5,944,704,5,984,544,5,1000,408,5,932,280
  820 
  830 REM venstre kindben
  840 DATA 4,580,380,5,556,352,5,540,320
  850 
  860 REM hRETURNjre kindben
  870 DATA 4,712,376,5,740,348,5,760,316
  880 
  890 REM hageklRETURNft
  900 DATA 4,648,152,5,648,128
  910 
  920 REM hagelinie
  930 DATA 4,612,208,5,648,216,5,692,204
  940 
  950 DATA 0,0,0
