   10 REM > TXTBOUNCE
   20 
   30 SYS"OS_UpdateMEMC",64,64
   40 MODE128:MODE0
   50 DIM T%(255),GX1(1000),GY1(1000),GX2(1000),GY2(1000)
   60 S1$="1":S2$="2"
   70 
   80 P%=PAGE
   90 REPEAT:IFP%?4<>244THEN120
  100   C%=P%?5:L%=P%?2+256*P%?1
  110   IF C%>32 T%(C%)=L%
  120   P%=P%+P%?3
  130 UNTIL P%?3=0
  140 
  150 INPUT"TEKST="A$:OFF
  160 X1%=64:Y1%=512:X2%=1214:Y2%=512
  170 DX1%=(RND(12)+4)*SGN(RND(1)-.5):DY1%=(RND(12)+4)*SGN(RND(1)-.5)
  180 DX2%=(RND(12)+4)*SGN(RND(1)-.5):DY2%=(RND(12)+4)*SGN(RND(1)-.5)
  190 
  200 ONERRORGOTO740
  210 
  220 PROCS(A$,X1%,Y1%,X2%,Y2%)
  230 
  240 REPEAT
  250   XA%=X1%+DX1%:IF XA%<1214 AND XA%>64 THEN 270
  260   DX1%=-SGN(DX1%)*(RND(12)+4):GOTO250
  270   YA%=Y1%+DY1%:IF YA%<956 AND YA%>64 THEN 290
  280   DY1%=-SGN(DY1%)*(RND(12)+4):GOTO270
  290   XB%=X2%+DX2%:IF XB%<1214 AND XB%>64 THEN 310
  300   DX2%=-SGN(DX2%)*(RND(12)+4):GOTO290
  310   YB%=Y2%+DY2%:IF YB%<956 AND YB%>64 THEN 330
  320   DY2%=-SGN(DY2%)*(RND(12)+4):GOTO310
  330   X1%=XA%:Y1%=YA%:X2%=XB%:Y2%=YB%
  340   PROCD(X1%,Y1%,X2%,Y2%)
  350 UNTIL0
  360 
  370 DEFPROCS(A$,X1,Y1,X2,Y2)
  380 LOCAL N%,F%,C%,P%,X%,Y%,GX%,GY%,PX,PY
  390 PX=1/(LENA$*8):PY=2*PX:K%=0
  400 FORN%=1TOLENA$:F%=(N%-1)*8
  410   C%=ASCMID$(A$,N%,1)
  420   IF T%(C%)<>0 THEN
  430     RESTORE T%(C%)
  440     REPEAT
  450       GX%=X%:GY%=Y%
  460       READ P%,X%,Y%
  470       IF P%<>0 THEN
  480         IF P%=4 GX%=X%:GY%=Y%
  490         IF P%=5 THEN
  500           K%+=1
  510           GX1(K%)=(GX%+F%)*PX:GY1(K%)=(GY%-4)*PY
  520           GX2(K%)=(X%+F%)*PX:GY2(K%)=(Y%-4)*PY
  530         ENDIF
  540       ENDIF
  550     UNTILP%=0
  560   ENDIF
  570 NEXT
  580 PROCD(X1,Y1,X2,Y2)
  590 ENDPROC
  600 
  610 DEFPROCD(X1,Y1,X2,Y2)
  620 LOCAL DX,DY,X3,Y3,X4,Y4,N%
  630 DX=X2-X1:DY=Y2-Y1
  640 OSCLI"FX112,"+S1$:OSCLI"FX113,"+S2$:WAIT:SWAP S1$,S2$:CLS
  650 FORN%=1TOK%
  660   X3=DX*GX1(N%)-DY*GY1(N%)+X1
  670   Y3=DY*GX1(N%)+DX*GY1(N%)+Y1
  680   X4=DX*GX2(N%)-DY*GY2(N%)+X1
  690   Y4=DY*GX2(N%)+DX*GY2(N%)+Y1
  700   LINEX3,Y3,X4,Y4
  710 NEXT
  720 ENDPROC
  730 
  740 OSCLI"FX112,"+S1$:REPORT:PRINT" at line "STR$ERL:ON:END
  750 
  760 REM!
  770 DATA 4,3,1,5,3,2,5,5,2,5,5,1,5,3,1,4,3,3,5,3,8,5,5,8,5,5,3,5,3,3,0,0,0
  780 REM"
  790 DATA 4,1,5,5,1,8,5,3,8,5,3,5,5,1,5,4,4,5,5,4,8,5,6,8,5,6,5,5,4,5,0,0,0
  800 REM#
  810 DATA 4,2,1,5,2,3,5,1,3,5,1,4,5,2,4,5,2,5,5,1,5,5,1,6,5,2,6,5,2,8,5,4,8
  820 DATA 5,4,6,5,5,6,5,5,8,5,7,8,5,7,6,5,8,6,5,8,5,5,7,5,5,7,4,5,8,4,5,8,3
  830 DATA 5,7,3,5,7,1,5,5,1,5,5,3,5,4,3,5,4,1,5,2,1,4,4,4,5,4,5,5,5,5,5,5,4
  840 DATA 5,4,4,0,0,0
  850 REM$
  860 DATA 4,3,1,5,3,2,5,1,2,5,1,3,5,4,3,5,4,4,5,2,4,5,2,5,5,1,5,5,1,6,5,2,6
  870 DATA 5,2,7,5,4,7,5,4,8,5,6,8,5,6,7,5,8,7,5,8,6,5,5,6,5,5,5,5,7,5,5,7,4
  880 DATA 5,8,4,5,8,3,5,7,3,5,7,2,5,5,2,5,5,1,5,3,1,4,5,3,5,5,4,5,6,4,5,6,3
  890 DATA 5,5,3,4,3,5,5,3,6,5,4,6,5,4,5,5,3,5,0,0,0
  900 REM%
  910 DATA 4,5,1,5,5,3,5,7,3,5,7,1,5,5,1,4,1,2,5,1,3,5,2,3,5,2,4,5,3,4,5,3,5
  920 DATA 5,4,5,5,4,6,5,5,6,5,5,7,5,7,7,5,7,6,5,6,6,5,6,5,5,5,5,5,5,4,5,4,4
  930 DATA 5,4,3,5,3,3,5,3,2,5,1,2,4,1,6,5,1,8,5,3,8,5,3,6,5,1,6,0,0,0
  940 REM&
  950 DATA 4,2,1,5,2,2,5,1,2,5,1,4,5,2,4,5,2,5,5,1,5,5,1,7,5,2,7,5,2,8,5,5,8
  960 DATA 5,5,7,5,6,7,5,6,5,5,5,5,5,5,4,5,6,4,5,6,3,5,8,3,5,8,4,5,7,4,5,7,2
  970 DATA 5,8,2,5,8,1,5,6,1,5,6,2,5,3,2,5,3,4,5,4,4,5,4,3,5,5,3,5,5,1,5,2,1
  980 DATA 4,3,5,5,3,7,5,4,7,5,4,5,5,3,5,0,0,0
  990 REM'
 1000 DATA 4,3,5,5,3,8,5,5,8,5,5,5,5,3,5,0,0,0
 1010 REM(
 1020 DATA 4,4,1,5,4,2,5,3,2,5,3,3,5,2,3,5,2,6,5,3,6,5,3,7,5,4,7,5,4,8,5,6,8
 1030 DATA 5,6,7,5,5,7,5,5,6,5,4,6,5,4,3,5,5,3,5,5,2,5,6,2,5,6,1,5,4,1,0,0,0
 1040 REM)
 1050 DATA 4,2,1,5,2,2,5,3,2,5,3,3,5,4,3,5,4,6,5,3,6,5,3,7,5,2,7,5,2,8,5,4,8
 1060 DATA 5,4,7,5,5,7,5,5,6,5,6,6,5,6,3,5,5,3,5,5,2,5,4,2,5,4,1,5,2,1,0,0,0
 1070 REM*
 1080 DATA 4,3,2,5,3,3,5,1,3,5,1,4,5,2,4,5,2,5,5,1,5,5,1,6,5,3,6,5,3,7,5,5,7
 1090 DATA 5,5,6,5,7,6,5,7,5,5,6,5,5,6,4,5,7,4,5,7,3,5,5,3,5,5,2,5,3,2,0,0,0
 1100 REM+
 1110 DATA 4,3,2,5,3,4,5,1,4,5,1,5,5,3,5,5,3,7,5,5,7,5,5,5,5,7,5,5,7,4,5,5,4
 1120 DATA 5,5,2,5,3,2,0,0,0
 1130 REM,
 1140 DATA 4,2,0,5,2,1,5,3,1,5,3,3,5,5,3,5,5,1,5,4,1,5,4,0,5,2,0,0,0,0
 1150 REM-
 1160 DATA 4,1,4,5,1,5,5,7,5,5,7,4,5,1,4,0,0,0
 1170 REM.
 1180 DATA 4,3,1,5,3,3,5,5,3,5,5,1,5,3,1,0,0,0
 1190 REM/
 1200 DATA 4,1,2,5,1,3,5,2,3,5,2,4,5,3,4,5,3,5,5,4,5,5,4,6,5,5,6,5,5,7,5,7,7
 1210 DATA 5,7,6,5,6,6,5,6,5,5,5,5,5,5,4,5,4,4,5,4,3,5,3,3,5,3,2,5,1,2,0,0,0
 1220 REM0
 1230 DATA 4,2,1,5,2,2,5,1,2,5,1,7,5,2,7,5,2,8,5,6,8,5,6,7,5,7,7,5,7,2,5,6,2
 1240 DATA 5,6,1,5,2,1,4,3,2,5,3,3,5,4,3,5,4,4,5,5,4,5,5,2,5,3,2,4,3,5,5,3,7
 1250 DATA 5,5,7,5,5,6,5,4,6,5,4,5,5,3,5,0,0,0
 1260 REM1
 1270 DATA 4,1,1,5,1,2,5,3,2,5,3,6,5,2,6,5,2,7,5,3,7,5,3,8,5,5,8,5,5,2,5,7,2
 1280 DATA 5,7,1,5,1,1,0,0,0
 1290 REM2
 1300 DATA 4,1,1,5,1,2,5,2,2,5,2,3,5,3,3,5,3,4,5,4,4,5,4,5,5,5,5,5,5,7,5,3,7
 1310 DATA 5,3,6,5,1,6,5,1,7,5,2,7,5,2,8,5,6,8,5,6,7,5,7,7,5,7,5,5,6,5,5,6,4
 1320 DATA 5,5,4,5,5,3,5,4,3,5,4,2,5,7,2,5,7,1,5,1,1,0,0,0
 1330 REM3
 1340 DATA 4,2,1,5,2,2,5,1,2,5,1,3,5,3,3,5,3,2,5,5,2,5,5,4,5,3,4,5,3,5,5,5,5
 1350 DATA 5,5,7,5,3,7,5,3,6,5,1,6,5,1,7,5,2,7,5,2,8,5,6,8,5,6,7,5,7,7,5,7,5
 1360 DATA 5,6,5,5,6,4,5,7,4,5,7,2,5,6,2,5,6,1,5,2,1,0,0,0
 1370 REM4
 1380 DATA 4,4,1,5,4,3,5,1,3,5,1,5,5,2,5,5,2,6,5,3,6,5,3,7,5,4,7,5,4,8,5,6,8
 1390 DATA 5,6,4,5,7,4,5,7,3,5,6,3,5,6,1,5,4,1,4,3,4,5,3,5,5,4,5,5,4,4,5,3,4
 1400 DATA 0,0,0
 1410 REM5
 1420 DATA 4,2,1,5,2,2,5,1,2,5,1,3,5,3,3,5,3,2,5,5,2,5,5,5,5,1,5,5,1,8,5,7,8
 1430 DATA 5,7,7,5,3,7,5,3,6,5,6,6,5,6,5,5,7,5,5,7,2,5,6,2,5,6,1,5,2,1,0,0,0
 1440 REM6
 1450 DATA 4,2,1,5,2,2,5,1,2,5,1,6,5,2,6,5,2,7,5,3,7,5,3,8,5,6,8,5,6,7,5,4,7
 1460 DATA 5,4,6,5,3,6,5,3,5,5,6,5,5,6,4,5,7,4,5,7,2,5,6,2,5,6,1,5,2,1,4,3,2
 1470 DATA 5,3,4,5,5,4,5,5,2,5,3,2,0,0,0
 1480 REM7
 1490 DATA 4,2,1,5,2,4,5,3,4,5,3,5,5,4,5,5,4,6,5,5,6,5,5,7,5,1,7,5,1,8,5,7,8
 1500 DATA 5,7,6,5,6,6,5,6,5,5,5,5,5,5,4,5,4,4,5,4,1,5,2,1,0,0,0
 1510 REM8
 1520 DATA 4,2,1,5,2,2,5,1,2,5,1,4,5,2,4,5,2,5,5,1,5,5,1,7,5,2,7,5,2,8,5,6,8
 1530 DATA 5,6,7,5,7,7,5,7,5,5,6,5,5,6,4,5,7,4,5,7,2,5,6,2,5,6,1,5,2,1,4,3,2
 1540 DATA 5,3,4,5,5,4,5,5,2,5,3,2,4,3,5,5,3,7,5,5,7,5,5,5,5,3,5,0,0,0
 1550 REM9
 1560 DATA 4,2,1,5,2,2,5,4,2,5,4,3,5,5,3,5,5,4,5,2,4,5,2,5,5,1,5,5,1,7,5,2,7
 1570 DATA 5,2,8,5,6,8,5,6,7,5,7,7,5,7,3,5,6,3,5,6,2,5,5,2,5,5,1,5,2,1,4,3,5
 1580 DATA 5,3,7,5,5,7,5,5,5,5,3,5,0,0,0
 1590 REM:
 1600 DATA 4,3,1,5,3,3,5,5,3,5,5,1,5,3,1,4,3,4,5,3,6,5,5,6,5,5,4,5,3,4,0,0,0
 1610 REM;
 1620 DATA 4,2,0,5,2,1,5,3,1,5,3,3,5,5,3,5,5,1,5,4,1,5,4,0,5,2,0,4,3,4,5,3,6
 1630 DATA 5,5,6,5,5,4,5,3,4,0,0,0
 1640 REM<
 1650 DATA 4,4,1,5,4,2,5,3,2,5,3,3,5,2,3,5,2,4,5,1,4,5,1,5,5,2,5,5,2,6,5,3,6
 1660 DATA 5,3,7,5,4,7,5,4,8,5,6,8,5,6,7,5,5,7,5,5,6,5,4,6,5,4,5,5,3,5,5,3,4
 1670 DATA 5,4,4,5,4,3,5,5,3,5,5,2,5,6,2,5,6,1,5,4,1,0,0,0
 1680 REM=
 1690 DATA 4,1,3,5,1,4,5,7,4,5,7,3,5,1,3,4,1,5,5,1,6,5,7,6,5,7,5,5,1,5,0,0,0
 1700 REM>
 1710 DATA 4,2,1,5,2,2,5,3,2,5,3,3,5,4,3,5,4,4,5,5,4,5,5,5,5,4,5,5,4,6,5,3,6
 1720 DATA 5,3,7,5,2,7,5,2,8,5,4,8,5,4,7,5,5,7,5,5,6,5,6,6,5,6,5,5,7,5,5,7,4
 1730 DATA 5,6,4,5,6,3,5,5,3,5,5,2,5,4,2,5,4,1,5,2,1,0,0,0
 1740 REM?
 1750 DATA 4,3,1,5,3,2,5,5,2,5,5,1,5,3,1,4,3,3,5,3,5,5,4,5,5,4,6,5,5,6,5,5,7
 1760 DATA 5,3,7,5,3,6,5,1,6,5,1,7,5,2,7,5,2,8,5,6,8,5,6,7,5,7,7,5,7,6,5,6,6
 1770 DATA 5,6,5,5,5,5,5,5,3,5,3,3,0,0,0
 1780 REM@
 1790 DATA 4,2,1,5,2,2,5,1,2,5,1,7,5,2,7,5,2,8,5,6,8,5,6,7,5,7,7,5,7,3,5,4,3
 1800 DATA 5,4,6,5,5,6,5,5,7,5,3,7,5,3,2,5,6,2,5,6,1,5,2,1,4,5,4,5,5,5,5,6,5
 1810 DATA 5,6,4,5,5,4,0,0,0
 1820 REMA
 1830 DATA 4,1,1,5,1,7,5,2,7,5,2,8,5,6,8,5,6,7,5,7,7,5,7,1,5,5,1,5,5,4,5,3,4
 1840 DATA 5,3,1,5,1,1,4,3,5,5,3,7,5,5,7,5,5,5,5,3,5,0,0,0
 1850 REMB
 1860 DATA 4,1,1,5,1,8,5,6,8,5,6,7,5,7,7,5,7,5,5,6,5,5,6,4,5,7,4,5,7,2,5,6,2
 1870 DATA 5,6,1,5,1,1,4,3,2,5,3,4,5,5,4,5,5,2,5,3,2,4,3,5,5,3,7,5,5,7,5,5,5
 1880 DATA 5,3,5,0,0,0
 1890 REMC
 1900 DATA 4,2,1,5,2,2,5,1,2,5,1,7,5,2,7,5,2,8,5,6,8,5,6,7,5,7,7,5,7,6,5,5,6
 1910 DATA 5,5,7,5,3,7,5,3,2,5,5,2,5,5,3,5,7,3,5,7,2,5,6,2,5,6,1,5,2,1,0,0,0
 1920 REMD
 1930 DATA 4,1,1,5,1,8,5,5,8,5,5,7,5,6,7,5,6,6,5,7,6,5,7,3,5,6,3,5,6,2,5,5,2
 1940 DATA 5,5,1,5,1,1,4,3,2,5,3,7,5,4,7,5,4,6,5,5,6,5,5,3,5,4,3,5,4,2,5,3,2
 1950 DATA 0,0,0
 1960 REME
 1970 DATA 4,1,1,5,1,8,5,7,8,5,7,7,5,3,7,5,3,5,5,6,5,5,6,4,5,3,4,5,3,2,5,7,2
 1980 DATA 5,7,1,5,1,1,0,0,0
 1990 REMF
 2000 DATA 4,1,1,5,1,8,5,7,8,5,7,7,5,3,7,5,3,5,5,6,5,5,6,4,5,3,4,5,3,1,5,1,1
 2010 DATA 0,0,0
 2020 REMG
 2030 DATA 4,2,1,5,2,2,5,1,2,5,1,7,5,2,7,5,2,8,5,6,8,5,6,7,5,7,7,5,7,6,5,5,6
 2040 DATA 5,5,7,5,3,7,5,3,2,5,5,2,5,5,4,5,4,4,5,4,5,5,7,5,5,7,2,5,6,2,5,6,1
 2050 DATA 5,2,1,0,0,0
 2060 REMH
 2070 DATA 4,1,1,5,1,8,5,3,8,5,3,5,5,5,5,5,5,8,5,7,8,5,7,1,5,5,1,5,5,4,5,3,4
 2080 DATA 5,3,1,5,1,1,0,0,0
 2090 REMI
 2100 DATA 4,1,1,5,1,2,5,3,2,5,3,7,5,1,7,5,1,8,5,7,8,5,7,7,5,5,7,5,5,2,5,7,2
 2110 DATA 5,7,1,5,1,1,0,0,0
 2120 REMJ
 2130 DATA 4,2,1,5,2,2,5,1,2,5,1,3,5,3,3,5,3,2,5,4,2,5,4,7,5,2,7,5,2,8,5,7,8
 2140 DATA 5,7,7,5,6,7,5,6,2,5,5,2,5,5,1,5,2,1,0,0,0
 2150 REMK
 2160 DATA 4,1,1,5,1,8,5,3,8,5,3,6,5,4,6,5,4,7,5,5,7,5,5,8,5,7,8,5,7,7,5,6,7
 2170 DATA 5,6,6,5,5,6,5,5,5,5,4,5,5,4,4,5,5,4,5,5,3,5,6,3,5,6,2,5,7,2,5,7,1
 2180 DATA 5,5,1,5,5,2,5,4,2,5,4,3,5,3,3,5,3,1,5,1,1,0,0,0
 2190 REML
 2200 DATA 4,1,1,5,1,8,5,3,8,5,3,2,5,7,2,5,7,1,5,1,1,0,0,0
 2210 REMM
 2220 DATA 4,1,1,5,1,8,5,3,8,5,3,7,5,4,7,5,4,6,5,5,6,5,5,7,5,6,7,5,6,8,5,8,8
 2230 DATA 5,8,1,5,6,1,5,6,5,5,5,5,5,5,3,5,4,3,5,4,5,5,3,5,5,3,1,5,1,1,0,0,0
 2240 REMN
 2250 DATA 4,1,1,5,1,8,5,3,8,5,3,6,5,4,6,5,4,5,5,5,5,5,5,8,5,7,8,5,7,1,5,5,1
 2260 DATA 5,5,3,5,4,3,5,4,4,5,3,4,5,3,1,5,1,1,0,0,0
 2270 REMO
 2280 DATA 4,2,1,5,2,2,5,1,2,5,1,7,5,2,7,5,2,8,5,6,8,5,6,7,5,7,7,5,7,2,5,6,2
 2290 DATA 5,6,1,5,2,1,4,3,2,5,3,7,5,5,7,5,5,2,5,3,2,0,0,0
 2300 REMP
 2310 DATA 4,1,1,5,1,8,5,6,8,5,6,7,5,7,7,5,7,5,5,6,5,5,6,4,5,3,4,5,3,1,5,1,1
 2320 DATA 4,3,5,5,3,7,5,5,7,5,5,5,5,3,5,0,0,0
 2330 REMQ
 2340 DATA 4,2,1,5,2,2,5,1,2,5,1,7,5,2,7,5,2,8,5,6,8,5,6,7,5,7,7,5,7,3,5,5,3
 2350 DATA 5,5,7,5,3,7,5,3,2,5,5,2,5,5,1,5,7,1,5,7,2,5,6,2,5,6,4,5,4,4,5,4,1
 2360 DATA 5,2,1,0,0,0
 2370 REMR
 2380 DATA 4,1,1,5,1,8,5,6,8,5,6,7,5,7,7,5,7,5,5,6,5,5,6,3,5,7,3,5,7,1,5,5,1
 2390 DATA 5,5,3,5,4,3,5,4,4,5,3,4,5,3,1,5,1,1,4,3,5,5,3,7,5,5,7,5,5,5,5,3,5
 2400 DATA 0,0,0
 2410 REMS
 2420 DATA 4,2,1,5,2,2,5,1,2,5,1,3,5,3,3,5,3,2,5,5,2,5,5,4,5,2,4,5,2,5,5,1,5
 2430 DATA 5,1,7,5,2,7,5,2,8,5,6,8,5,6,7,5,7,7,5,7,6,5,5,6,5,5,7,5,3,7,5,3,5
 2440 DATA 5,6,5,5,6,4,5,7,4,5,7,2,5,6,2,5,6,1,5,2,1,0,0,0
 2450 REMT
 2460 DATA 4,3,1,5,3,7,5,1,7,5,1,8,5,7,8,5,7,7,5,5,7,5,5,1,5,3,1,0,0,0
 2470 REMU
 2480 DATA 4,2,1,5,2,2,5,1,2,5,1,8,5,3,8,5,3,2,5,5,2,5,5,8,5,7,8,5,7,2,5,6,2
 2490 DATA 5,6,1,5,2,1,0,0,0
 2500 REMV
 2510 DATA 4,3,1,5,3,2,5,2,2,5,2,3,5,1,3,5,1,8,5,3,8,5,3,3,5,5,3,5,5,8,5,7,8
 2520 DATA 5,7,3,5,6,3,5,6,2,5,5,2,5,5,1,5,3,1,0,0,0
 2530 REMW
 2540 DATA 4,1,1,5,1,8,5,3,8,5,3,4,5,4,4,5,4,6,5,5,6,5,5,4,5,6,4,5,6,8,5,8,8
 2550 DATA 5,8,1,5,6,1,5,6,2,5,5,2,5,5,3,5,4,3,5,4,2,5,3,2,5,3,1,5,1,1,0,0,0
 2560 REMX
 2570 DATA 4,1,1,5,1,3,5,2,3,5,2,4,5,3,4,5,3,5,5,2,5,5,2,6,5,1,6,5,1,8,5,3,8
 2580 DATA 5,3,6,5,5,6,5,5,8,5,7,8,5,7,6,5,6,6,5,6,5,5,5,5,5,5,4,5,6,4,5,6,3
 2590 DATA 5,7,3,5,7,1,5,5,1,5,5,3,5,3,3,5,3,1,5,1,1,0,0,0
 2600 REMY
 2610 DATA 4,3,1,5,3,4,5,2,4,5,2,5,5,1,5,5,1,8,5,3,8,5,3,5,5,5,5,5,5,8,5,7,8
 2620 DATA 5,7,5,5,6,5,5,6,4,5,5,4,5,5,1,5,3,1,0,0,0
 2630 REMZ
 2640 DATA 4,1,1,5,1,3,5,2,3,5,2,4,5,3,4,5,3,5,5,4,5,5,4,6,5,5,6,5,5,7,5,1,7
 2650 DATA 5,1,8,5,7,8,5,7,6,5,6,6,5,6,5,5,5,5,5,5,4,5,4,4,5,4,3,5,3,3,5,3,2
 2660 DATA 5,7,2,5,7,1,5,1,1,0,0,0
 2670 REM[
 2680 DATA 4,1,1,5,1,8,5,6,8,5,6,7,5,3,7,5,3,2,5,6,2,5,6,1,5,1,1,0,0,0
 2690 REM\
 2700 DATA 4,5,2,5,5,3,5,4,3,5,4,4,5,3,4,5,3,5,5,2,5,5,2,6,5,1,6,5,1,7,5,3,7
 2710 DATA 5,3,6,5,4,6,5,4,5,5,5,5,5,5,4,5,6,4,5,6,3,5,7,3,5,7,2,5,5,2,0,0,0
 2720 REM]
 2730 DATA 4,2,1,5,2,2,5,5,2,5,5,7,5,2,7,5,2,8,5,7,8,5,7,1,5,2,1,0,0,0
 2740 REM^
 2750 DATA 4,1,6,5,1,7,5,2,7,5,2,8,5,6,8,5,6,7,5,7,7,5,7,6,5,5,6,5,5,7,5,3,7
 2760 DATA 5,3,6,5,1,6,0,0,0
 2770 REM_
 2780 DATA 4,0,0,5,0,1,5,8,1,5,8,0,5,0,0,0,0,0
 2790 REM`
 2800 DATA 4,3,6,5,3,7,5,2,7,5,2,8,5,4,8,5,4,7,5,5,7,5,5,6,5,3,6,0,0,0
 2810 REMa
 2820 DATA 4,2,1,5,2,2,5,1,2,5,1,3,5,2,3,5,2,4,5,5,4,5,5,5,5,2,5,5,2,6,5,6,6
 2830 DATA 5,6,5,5,7,5,5,7,1,5,2,1,4,3,2,5,3,3,5,5,3,5,5,2,5,3,2,0,0,0
 2840 REMb
 2850 DATA 4,1,1,5,1,8,5,3,8,5,3,6,5,6,6,5,6,5,5,7,5,5,7,2,5,6,2,5,6,1,5,1,1
 2860 DATA 4,3,2,5,3,5,5,5,5,5,5,2,5,3,2,0,0,0
 2870 REMc
 2880 DATA 4,2,1,5,2,2,5,1,2,5,1,5,5,2,5,5,2,6,5,6,6,5,6,5,5,7,5,5,7,4,5,5,4
 2890 DATA 5,5,5,5,3,5,5,3,2,5,5,2,5,5,3,5,7,3,5,7,2,5,6,2,5,6,1,5,2,1,0,0,0
 2900 REMd
 2910 DATA 4,2,1,5,2,2,5,1,2,5,1,5,5,2,5,5,2,6,5,5,6,5,5,8,5,7,8,5,7,1,5,2,1
 2920 DATA 4,3,2,5,3,5,5,5,5,5,5,2,5,3,2,0,0,0
 2930 REMe
 2940 DATA 4,2,1,5,2,2,5,1,2,5,1,5,5,2,5,5,2,6,5,6,6,5,6,5,5,7,5,5,7,3,5,3,3
 2950 DATA 5,3,2,5,6,2,5,6,1,5,2,1,4,3,4,5,3,5,5,5,5,5,5,4,5,3,4,0,0,0
 2960 REMf
 2970 DATA 4,2,1,5,2,4,5,1,4,5,1,5,5,2,5,5,2,7,5,3,7,5,3,8,5,6,8,5,6,7,5,4,7
 2980 DATA 5,4,5,5,6,5,5,6,4,5,4,4,5,4,1,5,2,1,0,0,0
 2990 REMg
 3000 DATA 4,2,0,5,2,1,5,5,1,5,5,2,5,2,2,5,2,3,5,1,3,5,1,5,5,2,5,5,2,6,5,7,6
 3010 DATA 5,7,1,5,6,1,5,6,0,5,2,0,4,3,3,5,3,5,5,5,5,5,5,3,5,3,3,0,0,0
 3020 REMh
 3030 DATA 4,1,1,5,1,8,5,3,8,5,3,6,5,6,6,5,6,5,5,7,5,5,7,1,5,5,1,5,5,5,5,3,5
 3040 DATA 5,3,1,5,1,1,0,0,0
 3050 REMi
 3060 DATA 4,2,1,5,2,2,5,3,2,5,3,5,5,2,5,5,2,6,5,5,6,5,5,2,5,6,2,5,6,1,5,2,1
 3070 DATA 4,3,7,5,3,8,5,5,8,5,5,7,5,3,7,0,0,0
 3080 REMj
 3090 DATA 4,1,0,5,1,1,5,3,1,5,3,5,5,2,5,5,2,6,5,5,6,5,5,1,5,4,1,5,4,0,5,1,0
 3100 DATA 4,3,7,5,3,8,5,5,8,5,5,7,5,3,7,0,0,0
 3110 REMk
 3120 DATA 4,1,1,5,1,8,5,3,8,5,3,4,5,4,4,5,4,5,5,5,5,5,5,6,5,7,6,5,7,5,5,6,5
 3130 DATA 5,6,4,5,5,4,5,5,3,5,6,3,5,6,2,5,7,2,5,7,1,5,5,1,5,5,2,5,4,2,5,4,3
 3140 DATA 5,3,3,5,3,1,5,1,1,0,0,0
 3150 REMl
 3160 DATA 4,2,1,5,2,2,5,3,2,5,3,7,5,2,7,5,2,8,5,5,8,5,5,2,5,6,2,5,6,1,5,2,1
 3170 DATA 0,0,0
 3180 REMm
 3190 DATA 4,1,1,5,1,5,5,2,5,5,2,6,5,4,6,5,4,5,5,5,5,5,5,6,5,7,6,5,7,5,5,8,5
 3200 DATA 5,8,1,5,6,1,5,6,4,5,5,4,5,5,2,5,4,2,5,4,4,5,3,4,5,3,1,5,1,1,0,0,0
 3210 REMn
 3220 DATA 4,1,1,5,1,6,5,6,6,5,6,5,5,7,5,5,7,1,5,5,1,5,5,5,5,3,5,5,3,1,5,1,1
 3230 DATA 0,0,0
 3240 REMo
 3250 DATA 4,2,1,5,2,2,5,1,2,5,1,5,5,2,5,5,2,6,5,6,6,5,6,5,5,7,5,5,7,2,5,6,2
 3260 DATA 5,6,1,5,2,1,4,3,2,5,3,5,5,5,5,5,5,2,5,3,2,0,0,0
 3270 REMp
 3280 DATA 4,1,0,5,1,6,5,6,6,5,6,5,5,7,5,5,7,3,5,6,3,5,6,2,5,3,2,5,3,0,5,1,0
 3290 DATA 4,3,3,5,3,5,5,5,5,5,5,3,5,3,3,0,0,0
 3300 REMq
 3310 DATA 4,5,0,5,5,2,5,2,2,5,2,3,5,1,3,5,1,5,5,2,5,5,2,6,5,7,6,5,7,1,5,8,1
 3320 DATA 5,8,0,5,5,0,4,3,3,5,3,5,5,5,5,5,5,3,5,3,3,0,0,0
 3330 REMr
 3340 DATA 4,1,1,5,1,6,5,3,6,5,3,5,5,5,5,5,5,4,5,7,4,5,7,5,5,6,5,5,6,6,5,4,6
 3350 DATA 5,4,4,5,3,4,5,3,1,5,1,1,0,0,0
 3360 REMs
 3370 DATA 4,1,1,5,1,2,5,5,2,5,5,3,5,2,3,5,2,4,5,1,4,5,1,5,5,2,5,5,2,6,5,7,6
 3380 DATA 5,7,5,5,3,5,5,3,4,5,6,4,5,6,3,5,7,3,5,7,2,5,6,2,5,6,1,5,1,1,0,0,0
 3390 REMt
 3400 DATA 4,3,1,5,3,2,5,2,2,5,2,5,5,1,5,5,1,6,5,2,6,5,2,8,5,4,8,5,4,6,5,6,6
 3410 DATA 5,6,5,5,4,5,5,4,2,5,6,2,5,6,1,5,3,1,0,0,0
 3420 REMu
 3430 DATA 4,2,1,5,2,2,5,1,2,5,1,6,5,3,6,5,3,2,5,5,2,5,5,6,5,7,6,5,7,1,5,2,1
 3440 DATA 0,0,0
 3450 REMv
 3460 DATA 4,3,1,5,3,2,5,2,2,5,2,3,5,1,3,5,1,6,5,3,6,5,3,3,5,5,3,5,5,6,5,7,6
 3470 DATA 5,7,3,5,6,3,5,6,2,5,5,2,5,5,1,5,3,1,0,0,0
 3480 REMw
 3490 DATA 4,2,1,5,2,2,5,1,2,5,1,6,5,3,6,5,3,3,5,4,3,5,4,5,5,5,5,5,5,3,5,6,3
 3500 DATA 5,6,6,5,8,6,5,8,2,5,7,2,5,7,1,5,5,1,5,5,2,5,4,2,5,4,1,5,2,1,0,0,0
 3510 REMx
 3520 DATA 4,1,1,5,1,2,5,2,2,5,2,3,5,3,3,5,3,4,5,2,4,5,2,5,5,1,5,5,1,6,5,3,6
 3530 DATA 5,3,5,5,5,5,5,5,6,5,7,6,5,7,5,5,6,5,5,6,4,5,5,4,5,5,3,5,6,3,5,6,2
 3540 DATA 5,7,2,5,7,1,5,5,1,5,5,2,5,3,2,5,3,1,5,1,1,0,0,0
 3550 REMy
 3560 DATA 4,2,0,5,2,1,5,5,1,5,5,2,5,2,2,5,2,3,5,1,3,5,1,6,5,3,6,5,3,3,5,5,3
 3570 DATA 5,5,6,5,7,6,5,7,1,5,6,1,5,6,0,5,2,0,0,0,0
 3580 REMz
 3590 DATA 4,1,1,5,1,2,5,2,2,5,2,3,5,3,3,5,3,4,5,4,4,5,4,5,5,1,5,5,1,6,5,7,6
 3600 DATA 5,7,5,5,6,5,5,6,4,5,5,4,5,5,3,5,4,3,5,4,2,5,7,2,5,7,1,5,1,1,0,0,0
 3610 REM{
 3620 DATA 4,4,1,5,4,2,5,3,2,5,3,4,5,1,4,5,1,5,5,3,5,5,3,7,5,4,7,5,4,8,5,6,8
 3630 DATA 5,6,7,5,5,7,5,5,5,5,4,5,5,4,4,5,5,4,5,5,2,5,6,2,5,6,1,5,4,1,0,0,0
 3640 REM|
 3650 DATA 4,3,1,5,3,8,5,5,8,5,5,1,5,3,1,0,0,0
 3660 REM}
 3670 DATA 4,2,1,5,2,2,5,3,2,5,3,4,5,4,4,5,4,5,5,3,5,5,3,7,5,2,7,5,2,8,5,4,8
 3680 DATA 5,4,7,5,5,7,5,5,5,5,7,5,5,7,4,5,5,4,5,5,2,5,4,2,5,4,1,5,2,1,0,0,0
 3690 REM~
 3700 DATA 4,1,5,5,1,7,5,2,7,5,2,8,5,4,8,5,4,6,5,6,6,5,6,7,5,7,7,5,7,8,5,8,8
 3710 DATA 5,8,6,5,7,6,5,7,5,5,5,5,5,5,7,5,3,7,5,3,6,5,2,6,5,2,5,5,1,5,0,0,0
 3720 DATA 0,0,0
 3730 REMEXP
 3740 DATA 4,3,1,5,3,6,5,5,6,5,5,1,5,3,1,4,3,7,5,3,8,5,5,8,5,5,7,5,3,7,0,0,0
 3750 REMEXT
 3760 DATA 4,4,1,5,4,2,5,2,2,5,2,3,5,1,3,5,1,6,5,2,6,5,2,7,5,4,7,5,4,8,5,5,8
 3770 DATA 5,5,7,5,7,7,5,7,6,5,8,6,5,8,5,5,6,5,5,6,6,5,5,6,5,5,3,5,6,3,5,6,4
 3780 DATA 5,8,4,5,8,3,5,7,3,5,7,2,5,5,2,5,5,1,5,4,1,4,3,3,5,3,6,5,4,6,5,4,3
 3790 DATA 5,3,3,0,0,0
 3800 REMFALSE
 3810 DATA 4,1,1,5,1,2,5,2,2,5,2,4,5,1,4,5,1,5,5,2,5,5,2,7,5,3,7,5,3,8,5,6,8
 3820 DATA 5,6,7,5,7,7,5,7,6,5,5,6,5,5,7,5,4,7,5,4,5,5,6,5,5,6,4,5,4,4,5,4,2
 3830 DATA 5,7,2,5,7,1,5,1,1,0,0,0
 3840 REMFN
 3850 DATA 4,1,1,5,1,2,5,2,2,5,2,3,5,1,3,5,1,5,5,2,5,5,2,6,5,1,6,5,1,7,5,3,7
 3860 DATA 5,3,6,5,5,6,5,5,7,5,7,7,5,7,6,5,6,6,5,6,5,5,7,5,5,7,3,5,6,3,5,6,2
 3870 DATA 5,7,2,5,7,1,5,5,1,5,5,2,5,3,2,5,3,1,5,1,1,4,3,3,5,3,5,5,5,5,5,5,3
 3880 DATA 5,3,3,0,0,0
 3890 REMGET
 3900 DATA 4,3,1,5,3,3,5,1,3,5,1,4,5,3,4,5,3,6,5,2,6,5,2,7,5,1,7,5,1,8,5,3,8
 3910 DATA 5,3,7,5,5,7,5,5,8,5,7,8,5,7,7,5,6,7,5,6,6,5,5,6,5,5,4,5,7,4,5,7,3
 3920 DATA 5,5,3,5,5,1,5,3,1,0,0,0
 3930 REMINKEY
 3940 DATA 4,3,1,5,3,4,5,5,4,5,5,1,5,3,1,4,3,5,5,3,8,5,5,8,5,5,5,5,3,5,0,0,0
 3950 REMINSTR(
 3960 DATA 4,2,1,5,2,2,5,5,2,5,5,3,5,2,3,5,2,4,5,1,4,5,1,5,5,2,5,5,2,6,5,1,6
 3970 DATA 5,1,7,5,2,7,5,2,8,5,6,8,5,6,7,5,3,7,5,3,6,5,6,6,5,6,5,5,7,5,5,7,4
 3980 DATA 5,6,4,5,6,3,5,7,3,5,7,2,5,6,2,5,6,1,5,2,1,4,3,4,5,3,5,5,5,5,5,5,4
 3990 DATA 5,3,4,0,0,0
 4000 REMINT
 4010 DATA 4,1,7,5,1,8,5,3,8,5,3,7,5,1,7,4,5,7,5,5,8,5,7,8,5,7,7,5,5,7,0,0,0
 4020 REMLEN
 4030 DATA 4,2,0,5,2,2,5,0,2,5,0,6,5,2,6,5,2,8,5,6,8,5,6,6,5,8,6,5,8,2,5,6,2
 4040 DATA 5,6,0,5,2,0,4,1,1,5,1,7,5,7,7,5,7,1,5,1,1,4,3,2,5,3,6,5,5,6,5,5,5
 4050 DATA 5,2,5,5,2,3,5,5,3,5,5,2,5,3,2,0,0,0
 4060 REMLN
 4070 DATA 4,2,1,5,2,2,5,7,2,5,7,1,5,2,1,4,3,3,5,3,4,5,2,4,5,2,5,5,3,5,5,3,6
 4080 DATA 5,5,6,5,5,7,5,3,7,5,3,8,5,6,8,5,6,7,5,7,7,5,7,3,5,3,3,4,4,4,5,4,5
 4090 DATA 5,5,5,5,5,4,5,4,4,0,0,0
 4100 REMLOG
 4110 DATA 4,2,1,5,2,2,5,1,2,5,1,3,5,0,3,5,0,5,5,1,5,5,1,6,5,2,6,5,2,7,5,4,7
 4120 DATA 5,4,6,5,3,6,5,3,5,5,2,5,5,2,3,5,3,3,5,3,2,5,4,2,5,4,1,5,2,1,4,6,1
 4130 DATA 5,6,2,5,5,2,5,5,3,5,4,3,5,4,5,5,5,5,5,5,6,5,6,6,5,6,7,5,8,7,5,8,6
 4140 DATA 5,7,6,5,7,5,5,6,5,5,6,3,5,7,3,5,7,2,5,8,2,5,8,1,5,6,1,0,0,0
 4150 REMNOT
 4160 DATA 4,5,6,5,5,7,5,1,7,5,1,8,5,7,8,5,7,6,5,5,6,0,0,0
 4170 REMOPENUP
 4180 DATA 4,1,4,5,1,5,5,7,5,5,7,4,5,1,4,0,0,0
 4190 REMOPENOUT
 4200 DATA 4,2,0,5,2,8,5,6,8,5,6,6,5,8,6,5,8,2,5,5,2,5,5,6,5,0,6,5,0,2,5,3,2
 4210 DATA 5,3,3,5,6,3,5,6,0,5,2,0,4,1,1,5,1,7,5,7,7,5,7,1,5,1,1,4,3,4,5,3,5
 4220 DATA 5,6,5,5,6,4,5,3,4,0,0,0
 4230 REMPI
 4240 DATA 4,1,7,5,1,8,5,7,8,5,7,7,5,1,7,0,0,0
 4250 REMPOINT(
 4260 DATA 4,2,5,5,2,6,5,1,6,5,1,7,5,2,7,5,2,8,5,6,8,5,6,7,5,7,7,5,7,6,5,6,6
 4270 DATA 5,6,5,5,2,5,4,3,6,5,3,7,5,5,7,5,5,6,5,3,6,0,0,0
 4280 REMPOS
 4290 DATA 4,1,1,5,1,2,5,7,2,5,7,1,5,1,1,4,3,3,5,3,5,5,1,5,5,1,6,5,3,6,5,3,8
 4300 DATA 5,5,8,5,5,6,5,7,6,5,7,5,5,5,5,5,5,3,5,3,3,0,0,0
 4310 REMRAD
 4320 DATA 4,2,3,5,2,5,5,5,5,5,5,8,5,2,8,5,2,7,5,6,7,5,6,6,5,3,6,5,3,4,5,6,4
 4330 DATA 5,6,3,5,2,3,0,0,0
 4340 REMRND
 4350 DATA 4,2,3,5,2,4,5,6,4,5,6,5,5,3,5,5,3,6,5,6,6,5,6,7,5,2,7,5,2,8,5,5,8
 4360 DATA 5,5,3,5,2,3,0,0,0
 4370 REMSGN
 4380 DATA 4,3,6,5,3,7,5,4,7,5,4,8,5,6,8,5,6,7,5,5,7,5,5,6,5,3,6,0,0,0
 4390 REMSIN
 4400 DATA 4,1,0,5,1,1,5,2,1,5,2,6,5,4,6,5,4,2,5,6,2,5,6,6,5,8,6,5,8,2,5,7,2
 4410 DATA 5,7,1,5,3,1,5,3,0,5,1,0,0,0,0
 4420 REMSQR
 4430 DATA 4,2,1,5,2,4,5,1,4,5,1,6,5,2,6,5,2,7,5,6,7,5,6,8,5,8,8,5,8,7,5,7,7
 4440 DATA 5,7,1,5,2,1,4,4,2,5,4,6,5,5,6,5,5,2,5,4,2,0,0,0
 4450 REMTAN
 4460 DATA 4,3,3,5,3,5,5,5,5,5,5,3,5,3,3,0,0,0
 4470 REMTO
 4480 DATA 4,2,0,5,2,1,5,3,1,5,3,2,5,5,2,5,5,1,5,4,1,5,4,0,5,2,0,0,0,0
 4490 REMTRUE
 4500 DATA 4,2,3,5,2,4,5,3,4,5,3,6,5,2,6,5,2,7,5,3,7,5,3,8,5,4,8,5,4,4,5,5,4
 4510 DATA 5,5,3,5,2,3,0,0,0
 4520 REMUSR
 4530 DATA 4,2,1,5,2,2,5,7,2,5,7,1,5,2,1,4,3,3,5,3,4,5,2,4,5,2,7,5,3,7,5,3,8
 4540 DATA 5,6,8,5,6,7,5,7,7,5,7,4,5,6,4,5,6,3,5,3,3,4,4,4,5,4,7,5,5,7,5,5,4
 4550 DATA 5,4,4,0,0,0
 4560 REMVAL
 4570 DATA 4,0,1,5,0,2,5,1,2,5,1,3,5,2,3,5,2,5,5,1,5,5,1,6,5,0,6,5,0,7,5,2,7
 4580 DATA 5,2,6,5,3,6,5,3,5,5,4,5,5,4,3,5,3,3,5,3,2,5,2,2,5,2,1,5,0,1,4,4,1
 4590 DATA 5,4,2,5,5,2,5,5,3,5,6,3,5,6,5,5,5,5,5,5,6,5,4,6,5,4,7,5,6,7,5,6,6
 4600 DATA 5,7,6,5,7,5,5,8,5,5,8,3,5,7,3,5,7,2,5,6,2,5,6,1,5,4,1,0,0,0
 4610 REMVPOS
 4620 DATA 4,6,0,5,6,1,5,4,1,5,4,5,5,5,5,5,5,2,5,6,2,5,6,3,5,7,3,5,7,2,5,8,2
 4630 DATA 5,8,1,5,7,1,5,7,0,5,6,0,4,1,3,5,1,6,5,0,6,5,0,7,5,1,7,5,1,8,5,2,8
 4640 DATA 5,2,3,5,1,3,0,0,0
 4650 REMCHR$
 4660 DATA 4,4,0,5,4,3,5,7,3,5,7,4,5,4,4,5,4,5,5,8,5,5,8,2,5,5,2,5,5,1,5,8,1
 4670 DATA 5,8,0,5,4,0,4,1,3,5,1,6,5,0,6,5,0,7,5,1,7,5,1,8,5,2,8,5,2,3,5,1,3
 4680 DATA 0,0,0
 4690 REMGET$
 4700 DATA 4,6,0,5,6,1,5,4,1,5,4,5,5,5,5,5,5,2,5,6,2,5,6,3,5,7,3,5,7,2,5,8,2
 4710 DATA 5,8,1,5,7,1,5,7,0,5,6,0,4,0,3,5,0,4,5,2,4,5,2,5,5,0,5,5,0,6,5,2,6
 4720 DATA 5,2,7,5,0,7,5,0,8,5,3,8,5,3,3,5,0,3,0,0,0
 4730 REMINKEY$
 4740 DATA 4,2,1,5,2,2,5,1,2,5,1,3,5,2,3,5,2,4,5,3,4,5,3,6,5,5,6,5,5,4,5,4,4
 4750 DATA 5,4,3,5,3,3,5,3,2,5,5,2,5,5,3,5,7,3,5,7,2,5,6,2,5,6,1,5,2,1,4,3,7
 4760 DATA 5,3,8,5,5,8,5,5,7,5,3,7,0,0,0
 4770 REMLEFT$(
 4780 DATA 4,1,1,5,1,4,5,2,4,5,2,5,5,6,5,5,6,4,5,7,4,5,7,1,5,5,1,5,5,2,5,3,2
 4790 DATA 5,3,1,5,1,1,4,3,3,5,3,4,5,5,4,5,5,3,5,3,3,4,3,6,5,3,7,5,2,7,5,2,8
 4800 DATA 5,4,8,5,4,7,5,5,7,5,5,6,5,3,6,0,0,0
 4810 REMMID$(
 4820 DATA 4,1,1,5,1,4,5,2,4,5,2,5,5,6,5,5,6,4,5,7,4,5,7,1,5,5,1,5,5,2,5,3,2
 4830 DATA 5,3,1,5,1,1,4,3,3,5,3,4,5,5,4,5,5,3,5,3,3,4,3,6,5,3,7,5,4,7,5,4,8
 4840 DATA 5,6,8,5,6,7,5,5,7,5,5,6,5,3,6,0,0,0
 4850 REMRIGHT$(
 4860 DATA 4,1,1,5,1,4,5,2,4,5,2,5,5,6,5,5,6,4,5,7,4,5,7,1,5,5,1,5,5,2,5,3,2
 4870 DATA 5,3,1,5,1,1,4,3,3,5,3,4,5,5,4,5,5,3,5,3,3,4,1,6,5,1,7,5,7,7,5,7,6
 4880 DATA 5,5,6,5,5,8,5,3,8,5,3,6,5,1,6,0,0,0
 4890 REMSTR$
 4900 DATA 4,1,1,5,1,4,5,2,4,5,2,5,5,6,5,5,6,4,5,7,4,5,7,1,5,5,1,5,5,2,5,3,2
 4910 DATA 5,3,1,5,1,1,4,3,3,5,3,4,5,5,4,5,5,3,5,3,3,4,1,6,5,1,7,5,2,7,5,2,8
 4920 DATA 5,4,8,5,4,6,5,6,6,5,6,7,5,7,7,5,7,8,5,5,8,5,5,7,5,3,7,5,3,6,5,1,6
 4930 DATA 0,0,0
 4940 REMSTRING$(
 4950 DATA 4,1,1,5,1,4,5,2,4,5,2,5,5,6,5,5,6,4,5,7,4,5,7,1,5,5,1,5,5,2,5,3,2
 4960 DATA 5,3,1,5,1,1,4,3,3,5,3,4,5,5,4,5,5,3,5,3,3,4,1,6,5,1,8,5,3,8,5,3,6
 4970 DATA 5,1,6,4,5,6,5,5,8,5,7,8,5,7,6,5,5,6,0,0,0
 4980 REMEOF
 4990 DATA 4,1,1,5,1,4,5,2,4,5,2,6,5,1,6,5,1,7,5,2,7,5,2,8,5,6,8,5,6,7,5,7,7
 5000 DATA 5,7,6,5,6,6,5,6,4,5,7,4,5,7,1,5,5,1,5,5,2,5,3,2,5,3,1,5,1,1,4,3,3
 5010 DATA 5,3,4,5,5,4,5,5,3,5,3,3,4,3,6,5,3,7,5,5,7,5,5,6,5,3,6,0,0,0
 5020 REM
 5030 DATA 4,1,1,5,1,7,5,2,7,5,2,8,5,8,8,5,8,7,5,7,7,5,7,5,5,8,5,5,8,4,5,7,4
 5040 DATA 5,7,2,5,8,2,5,8,1,5,5,1,5,5,4,5,3,4,5,3,1,5,1,1,4,3,5,5,3,7,5,5,7
 5050 DATA 5,5,5,5,3,5,0,0,0
 5060 REM
 5070 DATA 4,1,0,5,1,1,5,2,1,5,2,3,5,1,3,5,1,7,5,2,7,5,2,8,5,6,8,5,6,7,5,7,7
 5080 DATA 5,7,6,5,5,6,5,5,7,5,3,7,5,3,3,5,5,3,5,5,4,5,7,4,5,7,3,5,6,3,5,6,2
 5090 DATA 5,4,2,5,4,1,5,3,1,5,3,0,5,1,0,0,0,0
 5100 REM
 5110 DATA 4,1,1,5,1,6,5,3,6,5,3,7,5,2,7,5,2,8,5,4,8,5,4,7,5,5,7,5,5,6,5,7,6
 5120 DATA 5,7,5,5,3,5,5,3,4,5,6,4,5,6,3,5,3,3,5,3,2,5,7,2,5,7,1,5,1,1,0,0,0
 5130 REMWHEN
 5140 DATA 4,1,1,5,1,6,5,3,6,5,3,7,5,4,7,5,4,8,5,6,8,5,6,7,5,5,7,5,5,6,5,7,6
 5150 DATA 5,7,5,5,3,5,5,3,4,5,6,4,5,6,3,5,3,3,5,3,2,5,7,2,5,7,1,5,1,1,0,0,0
 5160 REMOF
 5170 DATA 4,1,1,5,1,7,5,2,7,5,2,8,5,6,8,5,6,7,5,7,7,5,7,5,5,3,5,5,3,4,5,6,4
 5180 DATA 5,6,3,5,3,3,5,3,2,5,7,2,5,7,1,5,1,1,4,3,6,5,3,7,5,5,7,5,5,6,5,3,6
 5190 DATA 0,0,0
 5200 REMENDCASE
 5210 DATA 4,1,1,5,1,6,5,7,6,5,7,5,5,3,5,5,3,4,5,6,4,5,6,3,5,3,3,5,3,2,5,7,2
 5220 DATA 5,7,1,5,1,1,4,1,7,5,1,8,5,3,8,5,3,7,5,1,7,4,5,7,5,5,8,5,7,8,5,7,7
 5230 DATA 5,5,7,0,0,0
 5240 REMELSE
 5250 DATA 4,1,1,5,1,2,5,3,2,5,3,4,5,1,4,5,1,5,5,7,5,5,7,4,5,5,4,5,5,2,5,7,2
 5260 DATA 5,7,1,5,1,1,4,3,6,5,3,7,5,2,7,5,2,8,5,4,8,5,4,7,5,5,7,5,5,6,5,3,6
 5270 DATA 0,0,0
 5280 REMENDIF
 5290 DATA 4,1,1,5,1,2,5,3,2,5,3,4,5,1,4,5,1,5,5,7,5,5,7,4,5,5,4,5,5,2,5,7,2
 5300 DATA 5,7,1,5,1,1,4,3,6,5,3,7,5,4,7,5,4,8,5,6,8,5,6,7,5,5,7,5,5,6,5,3,6
 5310 DATA 0,0,0
 5320 REMENDWHILE
 5330 DATA 4,1,1,5,1,2,5,3,2,5,3,4,5,1,4,5,1,5,5,7,5,5,7,4,5,5,4,5,5,2,5,7,2
 5340 DATA 5,7,1,5,1,1,4,1,6,5,1,7,5,2,7,5,2,8,5,6,8,5,6,7,5,7,7,5,7,6,5,5,6
 5350 DATA 5,5,7,5,3,7,5,3,6,5,1,6,0,0,0
 5360 REMPTR
 5370 DATA 4,1,1,5,1,2,5,3,2,5,3,4,5,1,4,5,1,5,5,7,5,5,7,4,5,5,4,5,5,2,5,7,2
 5380 DATA 5,7,1,5,1,1,4,1,6,5,1,8,5,3,8,5,3,6,5,1,6,4,5,6,5,5,8,5,7,8,5,7,6
 5390 DATA 5,5,6,0,0,0
 5400 REMPAGE
 5410 DATA 4,1,1,5,1,4,5,0,4,5,0,5,5,1,5,5,1,8,5,5,8,5,5,7,5,6,7,5,6,6,5,7,6
 5420 DATA 5,7,3,5,6,3,5,6,2,5,5,2,5,5,1,5,1,1,4,3,2,5,3,4,5,4,4,5,4,5,5,3,5
 5430 DATA 5,3,7,5,4,7,5,4,6,5,5,6,5,5,3,5,4,3,5,4,2,5,3,2,0,0,0
 5440 REMTIME
 5450 DATA 4,1,1,5,1,5,5,3,5,5,3,4,5,4,4,5,4,2,5,5,2,5,5,1,5,7,1,5,7,5,5,5,5
 5460 DATA 5,5,3,5,3,3,5,3,1,5,1,1,4,1,6,5,1,7,5,2,7,5,2,8,5,4,8,5,4,6,5,6,6
 5470 DATA 5,6,7,5,7,7,5,7,8,5,5,8,5,5,7,5,3,7,5,3,6,5,1,6,0,0,0
 5480 REMLOMEM
 5490 DATA 4,2,1,5,2,2,5,1,2,5,1,5,5,2,5,5,2,6,5,3,6,5,3,7,5,2,7,5,2,8,5,4,8
 5500 DATA 5,4,7,5,5,7,5,5,6,5,6,6,5,6,5,5,7,5,5,7,2,5,6,2,5,6,1,5,2,1,4,3,2
 5510 DATA 5,3,5,5,5,5,5,5,2,5,3,2,0,0,0
 5520 REMHIMEM
 5530 DATA 4,2,1,5,2,2,5,1,2,5,1,5,5,2,5,5,2,6,5,3,6,5,3,7,5,4,7,5,4,8,5,6,8
 5540 DATA 5,6,7,5,5,7,5,5,6,5,6,6,5,6,5,5,7,5,5,7,2,5,6,2,5,6,1,5,2,1,4,3,2
 5550 DATA 5,3,5,5,5,5,5,5,2,5,3,2,0,0,0
 5560 REMSOUND
 5570 DATA 4,2,1,5,2,2,5,1,2,5,1,5,5,2,5,5,2,6,5,1,6,5,1,7,5,2,7,5,2,8,5,6,8
 5580 DATA 5,6,7,5,7,7,5,7,6,5,6,6,5,6,5,5,7,5,5,7,2,5,6,2,5,6,1,5,2,1,4,3,2
 5590 DATA 5,3,5,5,5,5,5,5,2,5,3,2,4,3,6,5,3,7,5,5,7,5,5,6,5,3,6,0,0,0
 5600 REMBPUT
 5610 DATA 4,2,1,5,2,2,5,1,2,5,1,5,5,2,5,5,2,6,5,1,6,5,1,7,5,2,7,5,2,8,5,4,8
 5620 DATA 5,4,6,5,3,6,5,3,7,5,5,7,5,5,8,5,7,8,5,7,7,5,6,7,5,6,5,5,7,5,5,7,2
 5630 DATA 5,6,2,5,6,1,5,2,1,4,3,2,5,3,5,5,5,5,5,5,2,5,3,2,0,0,0
 5640 REMCALL
 5650 DATA 4,2,1,5,2,2,5,1,2,5,1,5,5,2,5,5,2,6,5,6,6,5,6,5,5,7,5,5,7,2,5,6,2
 5660 DATA 5,6,1,5,2,1,4,3,2,5,3,5,5,5,5,5,5,2,5,3,2,4,1,7,5,1,8,5,3,8,5,3,7
 5670 DATA 5,1,7,4,5,7,5,5,8,5,7,8,5,7,7,5,5,7,0,0,0
 5680 REMCHAIN
 5690 DATA 4,1,1,5,1,2,5,2,2,5,2,3,5,3,3,5,3,5,5,2,5,5,2,6,5,1,6,5,1,7,5,3,7
 5700 DATA 5,3,6,5,4,6,5,4,5,5,5,5,5,5,6,5,6,6,5,6,7,5,8,7,5,8,6,5,7,6,5,7,5
 5710 DATA 5,6,5,5,6,3,5,7,3,5,7,2,5,8,2,5,8,1,5,6,1,5,6,2,5,5,2,5,5,3,5,4,3
 5720 DATA 5,4,2,5,3,2,5,3,1,5,1,1,0,0,0
 5730 REMCLEAR
 5740 DATA 4,0,1,5,0,2,5,2,2,5,2,1,5,6,1,5,6,2,5,7,2,5,7,8,5,8,8,5,8,7,5,6,7
 5750 DATA 5,6,8,5,2,8,5,2,7,5,1,7,5,1,1,5,0,1,4,3,2,5,3,3,5,4,3,5,4,4,5,5,4
 5760 DATA 5,5,2,5,3,2,4,3,5,5,3,7,5,5,7,5,5,6,5,4,6,5,4,5,5,3,5,0,0,0
 5770 REMCLOSE
 5780 DATA 4,2,1,5,2,2,5,1,2,5,1,6,5,7,6,5,7,2,5,6,2,5,6,1,5,2,1,4,3,2,5,3,7
 5790 DATA 5,2,7,5,2,8,5,4,8,5,4,7,5,5,7,5,5,2,5,3,2,0,0,0
 5800 REMCLG
 5810 DATA 4,2,1,5,2,2,5,1,2,5,1,6,5,7,6,5,7,2,5,6,2,5,6,1,5,2,1,4,3,2,5,3,7
 5820 DATA 5,4,7,5,4,8,5,6,8,5,6,7,5,5,7,5,5,2,5,3,2,0,0,0
 5830 REMCLS
 5840 DATA 4,2,1,5,2,2,5,1,2,5,1,5,5,3,5,5,3,2,5,5,2,5,5,5,5,7,5,5,7,2,5,6,2
 5850 DATA 5,6,1,5,2,1,4,1,6,5,1,7,5,2,7,5,2,8,5,6,8,5,6,7,5,7,7,5,7,6,5,5,6
 5860 DATA 5,5,7,5,3,7,5,3,6,5,1,6,0,0,0
 5870 REMDATA
 5880 DATA 4,2,1,5,2,2,5,1,2,5,1,6,5,3,6,5,3,2,5,5,2,5,5,6,5,7,6,5,7,2,5,6,2
 5890 DATA 5,6,1,5,2,1,4,1,7,5,1,8,5,3,8,5,3,7,5,1,7,4,5,7,5,5,8,5,7,8,5,7,7
 5900 DATA 5,5,7,0,0,0
 5910 REMDEF
 5920 DATA 4,3,1,5,3,3,5,2,3,5,2,4,5,1,4,5,1,6,5,7,6,5,7,4,5,6,4,5,6,3,5,5,3
 5930 DATA 5,5,1,5,3,1,4,3,4,5,3,7,5,4,7,5,4,8,5,6,8,5,6,7,5,5,7,5,5,4,5,3,4
 5940 DATA 0,0,0
 5950 REMDIM
 5960 DATA 4,0,1,5,0,2,5,1,2,5,1,7,5,0,7,5,0,8,5,4,8,5,4,7,5,3,7,5,3,6,5,6,6
 5970 DATA 5,6,5,5,7,5,5,7,4,5,6,4,5,6,3,5,3,3,5,3,2,5,4,2,5,4,1,5,0,1,4,3,4
 5980 DATA 5,3,5,5,5,5,5,5,4,5,3,4,0,0,0
 5990 REMDRAW
 6000 DATA 4,0,0,5,0,1,5,1,1,5,1,7,5,2,7,5,2,8,5,6,8,5,6,7,5,7,7,5,7,5,5,6,5
 6010 DATA 5,6,4,5,7,4,5,7,2,5,6,2,5,6,1,5,4,1,5,4,2,5,5,2,5,5,4,5,4,4,5,4,5
 6020 DATA 5,5,5,5,5,7,5,3,7,5,3,1,5,2,1,5,2,0,5,0,0,0,0,0
 6030 REMEND
 6040 DATA 4,2,1,5,2,2,5,1,2,5,1,3,5,2,3,5,2,4,5,5,4,5,5,5,5,2,5,5,2,6,5,3,6
 6050 DATA 5,3,7,5,2,7,5,2,8,5,4,8,5,4,7,5,5,7,5,5,6,5,6,6,5,6,5,5,7,5,5,7,1
 6060 DATA 5,2,1,4,3,2,5,3,3,5,5,3,5,5,2,5,3,2,0,0,0
 6070 REMENDPROC
 6080 DATA 4,2,1,5,2,2,5,1,2,5,1,3,5,2,3,5,2,4,5,5,4,5,5,5,5,2,5,5,2,6,5,3,6
 6090 DATA 5,3,7,5,4,7,5,4,8,5,6,8,5,6,7,5,5,7,5,5,6,5,6,6,5,6,5,5,7,5,5,7,1
 6100 DATA 5,2,1,4,3,2,5,3,3,5,5,3,5,5,2,5,3,2,0,0,0
 6110 REMENVELOPE
 6120 DATA 4,2,1,5,2,2,5,1,2,5,1,3,5,2,3,5,2,4,5,5,4,5,5,5,5,2,5,5,2,6,5,1,6
 6130 DATA 5,1,7,5,7,7,5,7,6,5,6,6,5,6,5,5,7,5,5,7,1,5,2,1,4,3,2,5,3,3,5,5,3
 6140 DATA 5,5,2,5,3,2,4,3,6,5,3,8,5,5,8,5,5,6,5,3,6,0,0,0
 6150 REMFOR
 6160 DATA 4,2,1,5,2,2,5,1,2,5,1,3,5,2,3,5,2,4,5,5,4,5,5,5,5,2,5,5,2,6,5,1,6
 6170 DATA 5,1,7,5,2,7,5,2,8,5,4,8,5,4,6,5,3,6,5,3,7,5,5,7,5,5,8,5,7,8,5,7,7
 6180 DATA 5,6,7,5,6,5,5,7,5,5,7,1,5,2,1,4,3,2,5,3,3,5,5,3,5,5,2,5,3,2,0,0,0
 6190 REMGOSUB
 6200 DATA 4,2,1,5,2,2,5,1,2,5,1,3,5,2,3,5,2,4,5,5,4,5,5,5,5,2,5,5,2,6,5,6,6
 6210 DATA 5,6,5,5,7,5,5,7,1,5,2,1,4,3,2,5,3,3,5,5,3,5,5,2,5,3,2,4,1,7,5,1,8
 6220 DATA 5,3,8,5,3,7,5,1,7,4,5,7,5,5,8,5,7,8,5,7,7,5,5,7,0,0,0
 6230 REMGOTO
 6240 DATA 4,2,1,5,2,2,5,1,2,5,1,3,5,2,3,5,2,4,5,5,4,5,5,5,5,2,5,5,2,6,5,1,6
 6250 DATA 5,1,7,5,2,7,5,2,8,5,6,8,5,6,7,5,7,7,5,7,6,5,6,6,5,6,5,5,7,5,5,7,1
 6260 DATA 5,2,1,4,3,2,5,3,3,5,5,3,5,5,2,5,3,2,4,3,6,5,3,7,5,5,7,5,5,6,5,3,6
 6270 DATA 0,0,0
 6280 REMGCOL
 6290 DATA 4,2,1,5,2,2,5,1,2,5,1,3,5,2,3,5,2,4,5,4,4,5,4,5,5,2,5,5,2,6,5,8,6
 6300 DATA 5,8,3,5,6,3,5,6,2,5,8,2,5,8,1,5,2,1,4,3,2,5,3,3,5,4,3,5,4,2,5,3,2
 6310 DATA 4,6,4,5,6,5,5,7,5,5,7,4,5,6,4,0,0,0
 6320 REMIF
 6330 DATA 4,1,0,5,1,1,5,2,1,5,2,2,5,1,2,5,1,5,5,2,5,5,2,6,5,6,6,5,6,5,5,7,5
 6340 DATA 5,7,4,5,5,4,5,5,5,5,3,5,5,3,2,5,5,2,5,5,3,5,7,3,5,7,2,5,6,2,5,6,1
 6350 DATA 5,3,1,5,3,0,5,1,0,0,0,0
 6360 REMINPUT
 6370 DATA 4,2,1,5,2,2,5,1,2,5,1,5,5,2,5,5,2,6,5,3,6,5,3,7,5,2,7,5,2,8,5,4,8
 6380 DATA 5,4,7,5,5,7,5,5,6,5,6,6,5,6,5,5,7,5,5,7,3,5,3,3,5,3,2,5,6,2,5,6,1
 6390 DATA 5,2,1,4,3,4,5,3,5,5,5,5,5,5,4,5,3,4,0,0,0
 6400 REMLET
 6410 DATA 4,2,1,5,2,2,5,1,2,5,1,5,5,2,5,5,2,6,5,3,6,5,3,7,5,4,7,5,4,8,5,6,8
 6420 DATA 5,6,7,5,5,7,5,5,6,5,6,6,5,6,5,5,7,5,5,7,3,5,3,3,5,3,2,5,6,2,5,6,1
 6430 DATA 5,2,1,4,3,4,5,3,5,5,5,5,5,5,4,5,3,4,0,0,0
 6440 REMLOCAL
 6450 DATA 4,2,1,5,2,2,5,1,2,5,1,5,5,2,5,5,2,6,5,1,6,5,1,7,5,2,7,5,2,8,5,6,8
 6460 DATA 5,6,7,5,7,7,5,7,6,5,6,6,5,6,5,5,7,5,5,7,3,5,3,3,5,3,2,5,6,2,5,6,1
 6470 DATA 5,2,1,4,3,4,5,3,5,5,5,5,5,5,4,5,3,4,4,3,6,5,3,7,5,5,7,5,5,6,5,3,6
 6480 DATA 0,0,0
 6490 REMMODE
 6500 DATA 4,2,1,5,2,2,5,1,2,5,1,5,5,2,5,5,2,6,5,6,6,5,6,5,5,7,5,5,7,3,5,3,3
 6510 DATA 5,3,2,5,6,2,5,6,1,5,2,1,4,3,4,5,3,5,5,5,5,5,5,4,5,3,4,4,1,7,5,1,8
 6520 DATA 5,3,8,5,3,7,5,1,7,4,5,7,5,5,8,5,7,8,5,7,7,5,5,7,0,0,0
 6530 REMMOVE
 6540 DATA 4,2,1,5,2,2,5,3,2,5,3,4,5,2,4,5,2,5,5,5,5,5,5,2,5,6,2,5,6,1,5,2,1
 6550 DATA 4,3,6,5,3,7,5,2,7,5,2,8,5,4,8,5,4,7,5,5,7,5,5,6,5,3,6,0,0,0
 6560 REMNEXT
 6570 DATA 4,2,1,5,2,2,5,3,2,5,3,4,5,2,4,5,2,5,5,5,5,5,5,2,5,6,2,5,6,1,5,2,1
 6580 DATA 4,3,6,5,3,7,5,4,7,5,4,8,5,6,8,5,6,7,5,5,7,5,5,6,5,3,6,0,0,0
 6590 REMON
 6600 DATA 4,2,1,5,2,2,5,3,2,5,3,4,5,2,4,5,2,5,5,5,5,5,5,2,5,6,2,5,6,1,5,2,1
 6610 DATA 4,1,6,5,1,7,5,2,7,5,2,8,5,6,8,5,6,7,5,7,7,5,7,6,5,5,6,5,5,7,5,3,7
 6620 DATA 5,3,6,5,1,6,0,0,0
 6630 REMVDU
 6640 DATA 4,2,1,5,2,2,5,3,2,5,3,4,5,2,4,5,2,5,5,5,5,5,5,2,5,6,2,5,6,1,5,2,1
 6650 DATA 4,1,7,5,1,8,5,3,8,5,3,7,5,1,7,4,5,7,5,5,8,5,7,8,5,7,7,5,5,7,0,0,0
 6660 REMPLOT
 6670 DATA 4,2,1,5,2,2,5,1,2,5,1,3,5,2,3,5,2,4,5,5,4,5,5,5,5,4,5,5,4,6,5,2,6
 6680 DATA 5,2,7,5,3,7,5,3,8,5,5,8,5,5,7,5,7,7,5,7,6,5,6,6,5,6,5,5,7,5,5,7,1
 6690 DATA 5,2,1,4,3,2,5,3,3,5,5,3,5,5,2,5,3,2,0,0,0
 6700 REMPRINT
 6710 DATA 4,1,1,5,1,5,5,6,5,5,6,4,5,7,4,5,7,1,5,5,1,5,5,4,5,3,4,5,3,1,5,1,1
 6720 DATA 4,1,6,5,1,7,5,2,7,5,2,8,5,4,8,5,4,6,5,6,6,5,6,7,5,7,7,5,7,8,5,5,8
 6730 DATA 5,5,7,5,3,7,5,3,6,5,1,6,0,0,0
 6740 REMPROC
 6750 DATA 4,2,1,5,2,2,5,1,2,5,1,4,5,2,4,5,2,5,5,6,5,5,6,4,5,7,4,5,7,2,5,6,2
 6760 DATA 5,6,1,5,2,1,4,3,2,5,3,4,5,5,4,5,5,2,5,3,2,4,3,6,5,3,7,5,2,7,5,2,8
 6770 DATA 5,4,8,5,4,7,5,5,7,5,5,6,5,3,6,0,0,0
 6780 REMREAD
 6790 DATA 4,2,1,5,2,2,5,1,2,5,1,4,5,2,4,5,2,5,5,6,5,5,6,4,5,7,4,5,7,2,5,6,2
 6800 DATA 5,6,1,5,2,1,4,3,2,5,3,4,5,5,4,5,5,2,5,3,2,4,3,6,5,3,7,5,4,7,5,4,8
 6810 DATA 5,6,8,5,6,7,5,5,7,5,5,6,5,3,6,0,0,0
 6820 REMREM
 6830 DATA 4,2,1,5,2,2,5,1,2,5,1,4,5,2,4,5,2,5,5,6,5,5,6,4,5,7,4,5,7,2,5,6,2
 6840 DATA 5,6,1,5,2,1,4,3,2,5,3,4,5,5,4,5,5,2,5,3,2,4,1,6,5,1,7,5,2,7,5,2,8
 6850 DATA 5,6,8,5,6,7,5,7,7,5,7,6,5,5,6,5,5,7,5,3,7,5,3,6,5,1,6,0,0,0
 6860 REMREPEAT
 6870 DATA 4,2,1,5,2,2,5,1,2,5,1,4,5,2,4,5,2,5,5,6,5,5,6,4,5,7,4,5,7,2,5,6,2
 6880 DATA 5,6,1,5,2,1,4,3,2,5,3,4,5,5,4,5,5,2,5,3,2,4,1,6,5,1,7,5,2,7,5,2,8
 6890 DATA 5,4,8,5,4,6,5,6,6,5,6,7,5,7,7,5,7,8,5,5,8,5,5,7,5,3,7,5,3,6,5,1,6
 6900 DATA 0,0,0
 6910 REMREPORT
 6920 DATA 4,2,1,5,2,2,5,1,2,5,1,4,5,2,4,5,2,5,5,6,5,5,6,4,5,7,4,5,7,2,5,6,2
 6930 DATA 5,6,1,5,2,1,4,3,2,5,3,4,5,5,4,5,5,2,5,3,2,4,1,7,5,1,8,5,3,8,5,3,7
 6940 DATA 5,1,7,4,5,7,5,5,8,5,7,8,5,7,7,5,5,7,0,0,0
 6950 REMRESTORE
 6960 DATA 4,3,2,5,3,3,5,5,3,5,5,2,5,3,2,4,0,4,5,0,5,5,8,5,5,8,4,5,0,4,4,3,6
 6970 DATA 5,3,7,5,5,7,5,5,6,5,3,6,0,0,0
 6980 REMRETURN
 6990 DATA 4,0,1,5,0,2,5,2,2,5,2,1,5,6,1,5,6,2,5,7,2,5,7,5,5,6,5,5,6,7,5,7,7
 7000 DATA 5,7,6,5,2,6,5,2,5,5,1,5,5,1,1,5,0,1,4,3,2,5,3,3,5,4,3,5,4,5,5,3,5
 7010 DATA 5,3,4,5,5,4,5,5,2,5,3,2,0,0,0
 7020 REMRUN
 7030 DATA 4,2,1,5,2,2,5,1,2,5,1,5,5,3,5,5,3,2,5,5,2,5,5,5,5,7,5,5,7,1,5,2,1
 7040 DATA 4,3,6,5,3,7,5,2,7,5,2,8,5,4,8,5,4,7,5,5,7,5,5,6,5,3,6,0,0,0
 7050 REMSTOP
 7060 DATA 4,2,1,5,2,2,5,1,2,5,1,5,5,3,5,5,3,2,5,5,2,5,5,5,5,7,5,5,7,1,5,2,1
 7070 DATA 4,3,6,5,3,7,5,4,7,5,4,8,5,6,8,5,6,7,5,5,7,5,5,6,5,3,6,0,0,0
 7080 REMCOLOUR
 7090 DATA 4,2,1,5,2,2,5,1,2,5,1,5,5,3,5,5,3,2,5,5,2,5,5,5,5,7,5,5,7,1,5,2,1
 7100 DATA 4,1,6,5,1,7,5,2,7,5,2,8,5,6,8,5,6,7,5,7,7,5,7,6,5,5,6,5,5,7,5,3,7
 7110 DATA 5,3,6,5,1,6,0,0,0
 7120 REMTRACE
 7130 DATA 4,2,1,5,2,2,5,1,2,5,1,5,5,3,5,5,3,2,5,5,2,5,5,5,5,7,5,5,7,1,5,2,1
 7140 DATA 4,1,7,5,1,8,5,3,8,5,3,7,5,1,7,4,5,7,5,5,8,5,7,8,5,7,7,5,5,7,0,0,0
 7150 REMUNTIL
 7160 DATA 4,2,0,5,2,1,5,5,1,5,5,2,5,2,2,5,2,3,5,1,3,5,1,6,5,7,6,5,7,1,5,6,1
 7170 DATA 5,6,0,5,2,0,4,3,3,5,3,7,5,4,7,5,4,8,5,6,8,5,6,7,5,5,7,5,5,3,5,3,3
 7180 DATA 0,0,0
 7190 REMWIDTH
 7200 DATA 4,1,1,5,1,8,5,3,8,5,3,6,5,6,6,5,6,5,5,7,5,5,7,4,5,6,4,5,6,3,5,3,3
 7210 DATA 5,3,1,5,1,1,4,3,4,5,3,5,5,5,5,5,5,4,5,3,4,0,0,0
 7220 REMOSCLI
 7230 DATA 4,2,0,5,2,1,5,5,1,5,5,2,5,2,2,5,2,3,5,1,3,5,1,6,5,3,6,5,3,3,5,5,3
 7240 DATA 5,5,6,5,7,6,5,7,1,5,6,1,5,6,0,5,2,0,4,1,7,5,1,8,5,3,8,5,3,7,5,1,7
 7250 DATA 4,5,7,5,5,8,5,7,8,5,7,7,5,5,7,0,0,0
 7260 
 7270 **************************
 7280 *                        *
 7290 * Jan Vibe september 89. *
 7300 *                        *
 7310 **************************
