  760 DATA 0,4,16,20,32,36,48,52,64,68,80,84,96,100,112,116
  770 DATA 8,12,24,28,40,44,56,60,72,76,88,92,104,108,120,124
  780 DATA 128,132,144,148,160,164,176,180,192,196,208,212,224,228,240,244
  790 DATA 136,140,152,156,168,172,184,188,200,204,216,220,232,236,248,252
  800 DATA 1,5,17,21,33,37,49,53,65,69,81,85,97,101,113,117
  810 DATA 9,13,25,29,41,45,57,61,73,77,89,93,105,109,121,125
  820 DATA 129,133,145,149,161,165,177,181,193,197,209,213,225,229,241,245
  830 DATA 137,141,153,157,169,173,185,189,201,205,217,221,233,237,249,253
  840 DATA 2,6,18,22,34,38,50,54,66,70,82,86,98,102,114,118
  850 DATA 10,14,26,30,42,46,58,62,74,78,90,94,106,110,122,126
  860 DATA 130,134,146,150,162,166,178,182,194,198,210,214,226,230,242,246
  870 DATA 138,142,154,158,170,174,186,190,202,206,218,222,234,238,250,254
  880 DATA 3,7,19,23,35,39,51,55,67,71,83,87,99,103,115,119
  890 DATA 11,15,27,31,43,47,59,63,75,79,91,95,107,111,123,127
  900 DATA 131,135,147,151,163,167,179,183,195,199,211,215,227,231,243,247
  910 DATA 139,143,155,159,171,175,187,191,203,207,219,223,235,239,251,255
